100570 (100.0)	20136 (20.0)	5014 (5.0)	5009 (5.0)	4959 (4.9)


27739 (27.6)	5592 (20.2)	1407 (5.1)	1399 (5.0)	1395 (5.0)
12100 (12.0)	2417 (20.0)	624 (5.2)	550 (4.5)	554 (4.6)
22146 (22.0)	4427 (20.0)	1112 (5.0)	1144 (5.2)	1122 (5.1)
9454 (9.4)	1799 (19.0)	436 (4.6)	467 (4.9)	479 (5.1)
8345 (8.3)	1690 (20.3)	398 (4.8)	402 (4.8)	442 (5.3)
20786 (20.7)	4211 (20.3)	1037 (5.0)	1047 (5.0)	967 (4.7)


55242 (54.9)	11185 (20.2)	2740 (5.0)	2752 (5.0)	2716 (4.9)
45328 (45.1)	8951 (19.7)	2274 (5.0)	2257 (5.0)	2243 (4.9)


15221 (15.1)	3114 (20.5)	719 (4.7)	726 (4.8)	754 (5.0)
19225 (19.1)	3827 (19.9)	937 (4.9)	984 (5.1)	935 (4.9)
18970 (18.9)	3806 (20.1)	918 (4.8)	899 (4.7)	938 (4.9)
16478 (16.4)	3303 (20.0)	868 (5.3)	846 (5.1)	803 (4.9)
15456 (15.4)	3104 (20.1)	799 (5.2)	742 (4.8)	781 (5.1)
15220 (15.1)	2982 (19.6)	773 (5.1)	812 (5.3)	748 (4.9)
0 (0.0)	0 (  .)	0 (  .)	0 (  .)	0 (  .)


30090 (29.9)	6043 (20.1)	1501 (5.0)	1502 (5.0)	1470 (4.9)
0 (0.0)	0 (  .)	0 (  .)	0 (  .)	0 (  .)
0 (0.0)	0 (  .)	0 (  .)	0 (  .)	0 (  .)
70480 (70.1)	14093 (20.0)	3513 (5.0)	3507 (5.0)	3489 (5.0)


10272 (10.2)	2081 (20.3)	498 (4.8)	508 (4.9)	474 (4.6)
164 (0.2)	43 (26.2)	11 (6.7)	8 (4.9)	9 (5.5)
100 (0.1)	24 (24.0)	6 (6.0)	7 (7.0)	7 (7.0)
24 (0.0)	3 (12.5)	0 (0.0)	4 (16.7)	1 (4.2)
10025 (10.0)	2023 (20.2)	547 (5.5)	481 (4.8)	512 (5.1)
79985 (79.5)	15962 (20.0)	3952 (4.9)	4001 (5.0)	3956 (4.9)


18628 (18.5)	3588 (19.3)	904 (4.9)	953 (5.1)	915 (4.9)
19364 (19.3)	3878 (20.0)	983 (5.1)	937 (4.8)	958 (4.9)
13599 (13.5)	2782 (20.5)	670 (4.9)	684 (5.0)	677 (5.0)
26850 (26.7)	5462 (20.3)	1408 (5.2)	1314 (4.9)	1338 (5.0)
20694 (20.6)	4149 (20.0)	987 (4.8)	1041 (5.0)	994 (4.8)
1435 (1.4)	277 (19.3)	62 (4.3)	80 (5.6)	77 (5.4)


51906 (51.6)	10442 (20.1)	2526 (4.9)	2590 (5.0)	2560 (4.9)
5242 (5.2)	1046 (20.0)	279 (5.3)	251 (4.8)	277 (5.3)
19217 (19.1)	3746 (19.5)	976 (5.1)	979 (5.1)	923 (4.8)
24205 (24.1)	4902 (20.3)	1233 (5.1)	1189 (4.9)	1199 (5.0)
0 (0.0)	0 (  .)	0 (  .)	0 (  .)	0 (  .)



657 (0.7)	119 (18.1)	37 (5.6)	29 (4.4)	29 (4.4)
99913 (99.3)	20017 (20.0)	4977 (5.0)	4980 (5.0)	4930 (4.9)

49 (0.0)	15 (30.6)	2 (4.1)	1 (2.0)	3 (6.1)
100521 (100.0)	20121 (20.0)	5012 (5.0)	5008 (5.0)	4956 (4.9)

22271 (22.1)	4374 (19.6)	1165 (5.2)	1118 (5.0)	1105 (5.0)
78299 (77.9)	15762 (20.1)	3849 (4.9)	3891 (5.0)	3854 (4.9)

27878 (27.7)	5577 (20.0)	1432 (5.1)	1395 (5.0)	1355 (4.9)
72692 (72.3)	14559 (20.0)	3582 (4.9)	3614 (5.0)	3604 (5.0)

4 (0.0)	1 (25.0)	1 (25.0)	0 (0.0)	0 (0.0)
100566 (100.0)	20135 (20.0)	5013 (5.0)	5009 (5.0)	4959 (4.9)

3 (0.0)	0 (0.0)	1 (33.3)	0 (0.0)	0 (0.0)
100567 (100.0)	20136 (20.0)	5013 (5.0)	5009 (5.0)	4959 (4.9)

10061 (10.0)	2038 (20.3)	549 (5.5)	483 (4.8)	516 (5.1)
90509 (90.0)	18098 (20.0)	4465 (4.9)	4526 (5.0)	4443 (4.9)

10427 (10.4)	2099 (20.1)	560 (5.4)	499 (4.8)	534 (5.1)
0 (0.0)	0 (  .)	0 (  .)	0 (  .)	0 (  .)

279 (0.3)	42 (15.1)	22 (7.9)	15 (5.4)	20 (7.2)
100291 (99.7)	20094 (20.0)	4992 (5.0)	4994 (5.0)	4939 (4.9)

5102 (5.1)	1029 (20.2)	269 (5.3)	239 (4.7)	290 (5.7)
95468 (94.9)	19107 (20.0)	4745 (5.0)	4770 (5.0)	4669 (4.9)

19 (0.0)	7 (36.8)	2 (10.5)	1 (5.3)	1 (5.3)
100551 (100.0)	20129 (20.0)	5012 (5.0)	5008 (5.0)	4958 (4.9)

10040 (10.0)	1917 (19.1)	516 (5.1)	527 (5.2)	477 (4.8)
90530 (90.0)	18219 (20.1)	4498 (5.0)	4482 (5.0)	4482 (5.0)

651 (0.6)	127 (19.5)	33 (5.1)	32 (4.9)	34 (5.2)
99919 (99.4)	20009 (20.0)	4981 (5.0)	4977 (5.0)	4925 (4.9)

